0 0.246664 0.203799 0.097922 0.092521
0 0.756453 0.129976 0.066656 0.092521
0 0.266094 0.676367 0.107187 0.099574
0 0.757977 0.830036 0.125609 0.101349
1 0.693094 0.245385 0.054688 0.031337
1 0.773781 0.245254 0.057438 0.033988
1 0.857523 0.246314 0.060891 0.031870
1 0.774063 0.321964 0.057188 0.033941
1 0.248570 0.399314 0.058172 0.036639
1 0.690672 0.593615 0.057719 0.040462
1 0.758719 0.593988 0.057719 0.040450
1 0.827844 0.593615 0.057719 0.040462
1 0.828078 0.500698 0.059156 0.040450
1 0.758984 0.499959 0.059219 0.040462
1 0.689320 0.499781 0.060109 0.043041
2 0.934953 0.054012 0.113062 0.107811
