2 0.933984 0.053136 0.109844 0.104852
1 0.695664 0.244793 0.050828 0.029231
1 0.775414 0.245692 0.050828 0.029609
1 0.857195 0.244793 0.050828 0.029609
1 0.775461 0.321249 0.050828 0.029621
1 0.248289 0.398568 0.050828 0.031740
1 0.760313 0.593432 0.055625 0.034911
1 0.828094 0.593550 0.055625 0.034201
1 0.691375 0.593278 0.055625 0.034201
1 0.759938 0.500178 0.055625 0.034201
1 0.828094 0.500781 0.055625 0.034201
1 0.690984 0.500178 0.056469 0.034201
0 0.246047 0.203095 0.093531 0.082450
0 0.755836 0.130337 0.056672 0.076556
0 0.266992 0.676811 0.096953 0.090639
0 0.759281 0.828698 0.108000 0.089822
