2 0.624274 0.275987 0.073327 0.163684
2 0.952445 0.276324 0.073478 0.163931
1 0.154108 0.264581 0.033740 0.045872
1 0.188926 0.264622 0.033841 0.045461
1 0.223957 0.264605 0.033619 0.045395
1 0.154083 0.378470 0.034577 0.046414
1 0.189224 0.378668 0.033992 0.046020
1 0.224007 0.378651 0.034304 0.046217
1 0.481492 0.628306 0.033831 0.045757
1 0.523185 0.628380 0.035081 0.045576
1 0.564970 0.628503 0.034173 0.045559
1 0.481613 0.746957 0.033871 0.045559
1 0.523347 0.747039 0.035484 0.046053
1 0.564899 0.747072 0.034032 0.046579
1 0.809118 0.616776 0.033821 0.047039
1 0.850202 0.617031 0.034677 0.046891
1 0.892339 0.616456 0.035282 0.046398
1 0.808921 0.730263 0.034173 0.047039
1 0.850343 0.729622 0.034375 0.047039
1 0.892077 0.729375 0.034375 0.046546
0 0.850872 0.388980 0.064849 0.117763
0 0.523952 0.400321 0.064798 0.118273
0 0.189526 0.684901 0.065383 0.116513
