0 0.229781 0.281328 0.069187 0.078906
0 0.567797 0.274344 0.070188 0.080656
0 0.898016 0.273594 0.043656 0.079156
1 0.185695 0.426367 0.036016 0.033609
1 0.187352 0.500312 0.036547 0.033000
1 0.229391 0.424992 0.037812 0.031203
1 0.229094 0.500609 0.036000 0.028812
1 0.272305 0.425289 0.037203 0.028203
1 0.272906 0.500609 0.036000 0.030000
1 0.524133 0.417469 0.035422 0.029594
1 0.524773 0.489789 0.034203 0.029172
1 0.567062 0.417820 0.036000 0.030016
1 0.567062 0.490336 0.038000 0.029016
1 0.610602 0.489617 0.035047 0.028828
1 0.610797 0.417891 0.034719 0.030563
1 0.912430 0.468492 0.035797 0.029172
1 0.868945 0.382047 0.034766 0.030594
1 0.911961 0.382859 0.035984 0.030094
1 0.955391 0.382266 0.036406 0.030156
2 0.334203 0.202398 0.073219 0.101078
2 0.672461 0.202734 0.074297 0.103031
