0 0.098027 0.413098 0.023023 0.078152
0 0.299863 0.413037 0.022727 0.075802
0 0.501738 0.412969 0.022539 0.074524
0 0.703742 0.413016 0.023031 0.076984
0 0.905367 0.412989 0.022859 0.076141
1 0.106301 0.551929 0.020492 0.031114
1 0.307762 0.552283 0.020680 0.030462
1 0.509676 0.552283 0.020305 0.029484
1 0.711641 0.551984 0.020937 0.029239
1 0.913203 0.552228 0.020484 0.028505
2 0.163281 0.288125 0.043938 0.103451
2 0.365363 0.289144 0.043742 0.105489
2 0.566762 0.288804 0.043742 0.105489
2 0.768449 0.288804 0.044320 0.105489
2 0.970238 0.288804 0.043930 0.104810
