0 0.096742 0.442219 0.022687 0.087188
0 0.298523 0.441586 0.022516 0.087641
0 0.500199 0.441977 0.022242 0.088078
0 0.701758 0.441727 0.022953 0.086828
0 0.903672 0.442367 0.023281 0.086609
1 0.104699 0.610492 0.021227 0.033516
1 0.306188 0.232242 0.020703 0.034609
1 0.507965 0.232164 0.021289 0.034328
1 0.709980 0.601938 0.020758 0.033875
1 0.911691 0.602391 0.020992 0.034531
2 0.161797 0.298953 0.044531 0.121781
2 0.363699 0.299422 0.044789 0.123625
2 0.565051 0.299742 0.043930 0.123641
2 0.767102 0.299344 0.044547 0.121500
2 0.968465 0.299031 0.044508 0.122063
