0 0.332175 0.298485 0.014777 0.040220
0 0.452944 0.298223 0.014530 0.040220
0 0.574269 0.254587 0.014767 0.040220
0 0.695484 0.254504 0.014767 0.040220
0 0.814183 0.298464 0.014311 0.039711
1 0.336182 0.367328 0.013352 0.015675
1 0.457507 0.368416 0.013001 0.015675
1 0.558808 0.331956 0.013058 0.015675
1 0.578751 0.321074 0.012868 0.015675
1 0.679891 0.331784 0.013343 0.015083
1 0.700285 0.320744 0.012915 0.015675
1 0.818889 0.177948 0.012555 0.015675
2 0.492165 0.236736 0.028585 0.054628
2 0.613732 0.236391 0.027616 0.053939
2 0.734734 0.236736 0.028594 0.054628
2 0.853457 0.236563 0.027369 0.053595
2 0.370442 0.236639 0.027778 0.053994
